18
51
0 1 53.0
0 3 88.0
0 4 69.0
1 2 15.0
1 0 53.0
2 1 15.0
2 3 63.0
2 6 69.0
3 0 88.0
3 2 62.0
3 4 45.0
3 7 68.0
4 0 69.0
4 3 45.0
4 5 26.0
5 4 26.0
5 8 43.0
6 2 69.0
6 7 53.0
6 9 44.0
7 3 68.0
7 9 34.0
7 6 53.0
8 5 43.0
8 10 41.0
8 11 53.0
9 7 34.0
9 6 44.0
9 11 77.0
9 12 47.0
10 8 41.0
10 11 59.0
10 14 63.0
11 8 53.0
11 10 59.0
11 9 77.0
11 13 44.0
11 12 44.0
12 9 47.0
12 11 44.0
12 17 86.0
13 14 96.0
13 11 44.0
13 15 32.0
13 16 40.0
14 10 63.0
14 13 96.0
15 13 32.0
16 13 40.0
16 17 31.0
17 16 31.0
17 12 86.0